# generated by PrusaSlicer 2.5.0 on 2023-02-14 at 06:04:03 UTC

[snapshot]
id = 20230214T060403Z
time_captured = 20230214T060403Z
slic3r_version_captured = 2.5.0
comment = 
reason = upgrade

[presets]
print = 0.20mm_NORMAL_Testing
sla_print = 
filament = Overture_PLA
sla_material = 
printer = Neptune-2NG-0.4mm
physical_printer = EN2NG * Neptune-2NG-0.4mm

[Vendor:Creality]
version = 0.2.3
min_slic3r_version = 2.5.0-alpha0
max_slic3r_version = 2147483647.2147483647.2147483647
model_ENDER3 = 0.4
model_ENDER3PRO = 0.4
model_ENDER3V2 = 0.4

[Vendor:Elegoo]
version = 1.0.1
min_slic3r_version = 2.5.0-alpha3
max_slic3r_version = 2147483647.2147483647.2147483647
model_NEPTUNE2 = 0.4
model_NEPTUNE2S = 0.4

[Vendor:PrusaResearch]
version = 1.5.5
min_slic3r_version = 2.5.0-alpha0
max_slic3r_version = 2147483647.2147483647.2147483647
model_MK3 = 0.4
model_MK3S = 0.4
